0 [181.14921647549295, 427.49485232868784]
1 [180.6636853538831, 427.8373838238413]
2 [147.51713117255014, 426.97510045308024]
3 [131.2087838497694, 408.73262011600076]
4 [168.3112082735394, 376.18743279818943]
5 [203.22181568167466, 480.7879436506301]
6 [205.28008752735224, 521.6630196936538]
7 [205.34817807337095, 521.7170989953462]
8 [205.4831193757377, 537.7550180452907]
9 [170.12770105092693, 573.0321714112375]
10 [170.40192950205554, 571.5757745906675]
11 [183.2165494222981, 538.8974425484287]
12 [187.45800312561033, 514.9802327152895]
13 [212.78916147006217, 522.4889074532771]
14 [200.21817256976772, 547.1188512560743]
15 [189.61258357029942, 566.2878313129855]
16 [161.3244962547659, 563.5043902456589]
17 [159.96524075129068, 562.7641931347549]
18 [212.2491098881012, 565.7021095950234]
19 [188.11982700748013, 544.7277545654373]
20 [179.38607617368012, 557.5748027672372]
21 [192.5609563039534, 552.8746533917861]
22 [244.5256387414868, 561.7139474080478]
23 [273.4350656931703, 573.1179953121768]
24 [270.535197998305, 583.6641310367901]
25 [246.5002556990259, 574.5668244295016]
26 [238.49809572877737, 564.8478379843691]
27 [165.90281216499122, 480.1909622633851]
28 [163.63085511000264, 414.365318962885]
29 [169.5199272011389, 407.9148922889301]
30 [180.07722445268266, 410.57134470083474]
31 [159.36321187403894, 440.04416882128066]
32 [193.68735395877982, 441.7178942959213]
33 [190.6411667359674, 433.75596043569186]
34 [187.861252930834, 431.04992511095656]
35 [188.5685730379719, 444.5425233291257]
36 [209.7392896018634, 467.25966948025217]
37 [211.91275630746307, 483.9786966530293]
38 [209.1278606049451, 489.0790846064176]
39 [217.4487553459574, 491.6129949597136]
40 [226.1606796098871, 465.00480462022097]
41 [227.32299336209843, 429.7789060778449]
42 [193.646850748707, 426.2236700171074]
43 [192.64857947548498, 424.1986008486026]
44 [201.8420153600036, 423.69470271230847]
45 [207.37642968824585, 401.26459030563944]
46 [152.25838374098296, 403.4290397351221]
47 [157.8036685908779, 468.59374719193863]
48 [175.41689607781993, 469.7941131795131]
49 [183.08513748249027, 435.71861722437274]
50 [140.1915231322953, 430.236959620126]
51 [224.47653499426644, 409.0052249781185]
52 [195.7487399654178, 416.4367718154717]
53 [165.60899428841378, 468.5988539168068]
54 [166.33833915971107, 533.219662623054]
55 [172.7534939892941, 515.4860682472759]
56 [185.55636288240504, 483.028879749331]
57 [223.68643125812804, 570.5395951918971]
58 [213.47034699174887, 509.8988733555971]
59 [194.30823889012967, 483.16164310066324]
60 [202.18988031941834, 499.0312079496268]
61 [266.7939416737362, 486.5463063834024]
62 [268.397662549787, 499.7278415564955]
63 [203.4563866569514, 558.9090335242859]
64 [233.6981298202097, 577.5346488595429]
65 [253.8773919458896, 498.6310433253079]
66 [240.47428293640777, 450.68913465315177]
67 [167.89356321988384, 554.4752288274547]
68 [183.09709392844738, 434.16129012285245]
69 [182.1831499890221, 431.81945615997984]
70 [182.55532602024087, 430.87058836994953]
71 [154.99825990524954, 430.574682382457]
72 [170.95547170132204, 411.16665711375816]
73 [190.13743748869564, 464.84966199920916]
74 [198.65556861044178, 511.84661994681363]
75 [183.9960535248684, 445.35438836143794]
76 [129.3019961837149, 444.35477053484726]
77 [128.30926539173203, 500.0013221593925]
78 [197.22198603991959, 460.37127524897295]
79 [195.0531701927856, 478.5224832579836]
80 [192.52792587469648, 464.44574408075385]
81 [183.09427207298444, 478.6526225287513]
82 [185.00731473444077, 482.7531921522287]
83 [185.55911284838803, 447.8243171552119]
84 [205.66638217789992, 452.4521113037462]
85 [223.63969221984058, 429.2932189304323]
86 [214.8449593178664, 441.2310743822581]
87 [167.00727291942223, 413.22096542525617]
88 [155.05658283049874, 407.29287841185555]
89 [180.2722655788227, 418.01512447836205]
90 [211.05169929395214, 425.69799751593166]
91 [102.69718841602501, 422.4015597036102]
92 [152.7223382788017, 366.194929118293]
93 [203.27115018219848, 411.9735016725362]
94 [245.20748646409538, 511.7601082792342]
95 [261.6156172137313, 479.94874515447714]
96 [166.31048660545972, 539.5594268341692]
97 [205.14301473861548, 554.095319507241]
98 [248.97895187279826, 559.0849024959052]
99 [185.0620179983041, 523.5267637407181]
100 [152.48107432840357, 439.30105721701347]
101 [140.98938944879788, 413.8029449284582]
102 [141.25303065798278, 428.366394459624]
103 [128.61301125260408, 428.096704704558]
104 [133.66967931259464, 429.3393614330224]
105 [141.10871379601892, 401.79697844641555]
106 [118.47344297942142, 393.8532809537952]
107 [213.17463453064659, 425.06060304871676]
108 [216.46886867879272, 431.8408954627224]
109 [215.71428479831317, 425.1646255555343]
110 [223.5954791279072, 415.0811292409062]
111 [224.00423177765734, 417.6626182323966]
112 [219.04489143978614, 448.13653592641026]
113 [211.78052216327518, 482.1120049899936]
114 [204.82437368772634, 484.5633876577752]
115 [194.9167300199997, 450.01845442253125]
116 [200.89433491664929, 450.61503409206216]
117 [195.44221616059008, 457.8053447633636]
118 [192.09492023264065, 454.0484607343573]
119 [185.26679494415723, 407.21473746138975]
120 [205.73959494521085, 410.8667044934764]
121 [180.6985075195088, 384.37118828917147]
122 [163.46910894005194, 415.14543492302363]
123 [186.26193927194362, 418.7349709211479]
124 [142.87729266457075, 430.4877700259321]
125 [139.51507487916612, 473.06054775401674]
126 [151.8116508741672, 436.73318998074325]
127 [148.81111540813868, 394.96915313748485]
128 [141.4900248707431, 403.8264898315459]
129 [186.29226224223186, 413.4557185791266]
130 [204.93979754918345, 450.04202985254506]
131 [213.16645504173016, 479.0629674744827]
132 [214.92978692270574, 519.5955419848906]
133 [214.84841413400045, 536.0877523461288]
134 [212.3983675527226, 537.3911764221423]
135 [210.9252902875115, 536.8634173330934]
136 [207.7594452494054, 525.460026285307]
137 [203.3080738632977, 528.899530790503]
138 [176.9047107248749, 454.19342316963014]
139 [157.15407988916527, 441.82061150220744]
140 [172.76416944899728, 453.6131126783398]
141 [207.38036594648605, 458.93483477417186]
142 [187.91499246836008, 484.5152475451242]
143 [154.25653238962457, 477.5042142467541]
144 [124.85764371319581, 408.3436744071557]
145 [212.74983200265046, 480.2944189407623]
146 [215.05708078408566, 525.7132709906792]
147 [187.89473704898342, 479.4760923669841]
148 [139.72035875268654, 422.2026596919663]
149 [170.7445062981657, 427.56974720766266]
150 [186.13134833579036, 467.9516412316032]
151 [205.91724860310768, 507.42709057809355]
152 [205.7077785477853, 426.98163491953176]
153 [183.70452205652597, 410.75251746232897]
154 [138.69472178273824, 387.66103503362905]
155 [185.69101780960585, 413.26757386738393]
156 [180.90136434963011, 413.5625864417078]
157 [195.80014345662713, 525.7126247848773]
158 [202.16215541459758, 541.1945169854109]
159 [202.78147452770747, 539.3696714133953]
160 [205.58853709058366, 501.82706424291433]
161 [227.78439411452237, 418.7418924735852]
162 [176.64881287780636, 398.25566133607913]
163 [139.7238785412444, 406.60572786944584]
164 [174.47179054976772, 444.76849632516314]
165 [200.4079428758431, 421.66393969346603]
166 [218.16865244438543, 416.58647665985194]
167 [218.4482495859909, 424.66436733797906]
168 [197.64221233814703, 423.01259474313224]
169 [179.43900521642198, 418.79412652478817]
170 [138.03988949369923, 437.08487391353395]
171 [140.94820397060747, 393.27927412133204]
172 [169.07530710349388, 479.9044031119019]
173 [196.53492717047234, 520.1396355055688]
174 [194.90898642224195, 515.2759900910104]
175 [195.17587697447973, 543.0955344078121]
176 [202.7906962011099, 539.2772550015081]
177 [220.73396876545021, 510.02766720613954]
178 [257.35701272740465, 507.16482561730356]
179 [222.05978711563654, 497.5297690938398]
180 [161.6917280970375, 440.979522048129]
181 [148.20263961722281, 436.08600995319676]
182 [184.56801587997103, 494.43366087123877]
183 [180.80814283887102, 498.81301886663994]
184 [199.84101408661613, 453.86442855697436]
185 [210.09555978839427, 408.96721477196826]
186 [203.03641117318486, 396.7282002018082]
187 [180.88467929383214, 398.35320127845074]
188 [256.91021490811613, 559.1583762317573]
189 [269.7097695981536, 553.9028663238919]
190 [226.16266938622906, 538.0098312591809]
191 [186.22005632554084, 537.8725966441137]
192 [81.61621665231564, 516.8701472334288]
193 [151.49391101818333, 560.2875753814395]
194 [209.437404201972, 514.2588894442287]
195 [238.04229538607123, 404.79756945920036]
196 [216.38141844878223, 388.91112902134034]
197 [182.76918267078398, 419.27291379776545]
198 [144.52877474176103, 402.00074047621337]
199 [122.84989260297539, 430.78936613624944]
200 [106.35752976822833, 446.8703922952645]
201 [79.21652665093906, 457.49761758279055]
202 [154.1158790415825, 532.0168590098341]
203 [161.58020139676964, 528.2573287413823]
204 []
205 [180.398264276523, 543.9239054540819]
206 [203.91067790815214, 502.04525205945737]
207 [208.9985413249277, 492.73468195038544]
208 [219.46677808988724, 488.0555335880011]
209 [217.27996390958958, 450.25413925218675]
210 [177.65649813174144, 513.04616568442]
211 [183.52037034229076, 589.4358081236877]
212 [223.79900308354524, 573.1648489936601]
213 [274.8658318126347, 543.0153021998743]
214 [262.7608899354038, 545.4408923120611]
215 [224.018838206109, 534.7842283637694]
216 [99.04308688692755, 459.7497707238782]
217 [51.81694730914803, 480.5230361393694]
218 [73.32362078516306, 451.28200980380126]
219 []
220 [181.4809518711027, 430.9645002083914]
221 [175.65128404186618, 465.8549903792579]
222 [165.63965791405442, 442.1309426397302]
223 [104.27735725572623, 424.6103080254056]
224 [135.78839858025685, 393.985970464236]
225 [228.61999867435225, 407.3094817133332]
226 [209.44809592871835, 418.0016888329235]
227 [194.79387556635533, 480.106714612861]
228 [183.88273331799144, 509.7304372661538]
229 [185.81137248292592, 478.70709773414046]
230 [190.6645911774544, 429.8023691440905]
231 [178.75179588634498, 420.1638347849297]
232 [179.84545924116028, 422.6572166768655]
233 [189.8005358481683, 434.7231409863408]
234 [193.60221899487547, 432.695683693172]
235 [186.46936119213626, 436.0846922663339]
236 [179.6236239357099, 444.70844984708685]
237 [180.73589965606197, 442.0830471945005]
238 [175.01499669274938, 407.01290197968586]
239 [194.64212313578082, 450.5382230502751]
240 [238.9953148122866, 544.6575869847164]
241 [261.4989868866275, 583.4800475713629]
242 [238.7371164018652, 522.3205564504964]
243 [189.5560494224003, 419.5637092201219]
244 [150.3845122020494, 375.6136637414892]
245 [159.66908463210834, 375.86213592509705]
246 [171.84064896904164, 382.58864620659654]
247 [187.86688686946, 442.0901091925647]
248 [209.48705275348834, 525.9494412338099]
249 [196.92052667934442, 509.57687399387413]
250 [179.52965794749375, 440.54352477051725]
251 [184.4394475276225, 444.19416448801366]
252 [186.50536042532977, 436.9257219669766]
253 [188.5930906292339, 452.36682040694154]
254 [186.61394029750144, 468.691693584542]
255 [191.77477721793267, 479.77254798384627]
256 [208.6220178583678, 490.98958643640896]
257 [209.74337043396153, 507.5358781438919]
258 [208.51526674472203, 511.0941042918948]
259 [215.88959336630379, 502.04829246800597]
260 [215.23054935500056, 509.1465879887358]
261 [213.09935494286196, 516.0785296986166]
262 [214.6631679282199, 511.380621253315]
263 [210.777527572503, 466.91191642727193]
264 [197.55853162047168, 417.7726592436536]
265 [181.41139194884622, 413.09297605388866]
266 [169.63470956298346, 431.42328477020135]
267 [147.74370101565088, 426.0950165569907]
268 [179.99204837649214, 419.8419735810293]
269 [170.87289705192552, 422.73483922771936]
270 [143.02017052346446, 443.6223167681412]
271 [82.84377536397638, 403.17031569744273]
272 [179.89217589965446, 441.8396924318889]
273 [186.456977407123, 398.6295055528267]
274 [152.2391080536552, 388.4096059214485]
275 [141.21720017033593, 393.63211643785235]
276 [155.3069327908696, 408.000502039513]
277 [190.58026334615388, 391.94761461784225]
278 [177.11091259874033, 402.6549237009984]
279 [202.27932580446202, 422.0957317508625]
280 [191.909239212955, 411.48658927710846]
281 [184.13638350968978, 405.8368844820903]
282 [129.06727840875905, 416.64204130914123]
283 [188.9801743228861, 428.71734089827015]
284 [215.39207763767888, 428.4217546283355]
285 [166.69277261340468, 429.23481630426033]
286 [148.49197239090702, 409.1723404497782]
287 [156.4268823917912, 405.29581948370145]
288 [146.84700530809587, 421.6004501922877]
289 [136.3558599233288, 417.0181511738378]
290 [172.31055417495762, 399.4060613367328]
291 [157.49748846638212, 404.3000283541286]
292 [146.18137683133278, 411.9047463425777]
293 [158.46867084230107, 343.42520602785197]
294 [150.08347033716115, 350.5906022216013]
295 [164.43234915555573, 432.56167071062174]
296 [151.41993861279363, 454.4029258709326]
297 [182.4238303997359, 572.1211235463527]
298 [202.34052439105912, 554.8389782251261]
299 [148.14962763984178, 445.2190682360118]
300 [189.2372492429715, 398.5701423118934]
301 [211.04818027656228, 408.98391372936896]
302 [170.37200552765574, 405.7391825489759]
303 [124.81043019735331, 413.79911882281493]
304 [163.0308409983195, 436.83693589416634]
305 [167.47011677419812, 540.4617494879975]
306 [162.4438435204476, 444.27628239502314]
307 [187.15271674884787, 423.01287527477666]
308 [177.4990761732738, 397.16400597930124]
309 [224.01407197482504, 402.41485583036274]
310 [201.30917983188527, 434.2820269632649]
311 [129.45014733186227, 440.37073911840105]
312 [135.66985617288884, 437.28631303373425]
313 [163.15669460202977, 480.251948857677]
314 [156.52362987228872, 491.10874463125833]
315 [206.9437686641475, 465.9644032525035]
316 [200.93914205167735, 464.4476710043617]
317 [145.79537464027482, 449.7610551454901]
318 [156.74052055354417, 414.83143564124686]
319 [136.17210947109692, 406.9994383209677]
320 [142.88686638654184, 410.681506718889]
321 [133.0695966357088, 443.42235149348994]
322 [207.72581848618364, 427.1712751314657]
323 [213.080633341621, 417.98092681396446]
324 [149.0669694935081, 426.1752358473685]
325 [136.69139831646063, 475.3608346569156]
326 [139.71946508780658, 453.5669132126652]
327 [106.22860342601268, 411.23241505621394]
328 [132.34044484923243, 403.01950223025625]
329 [115.59510221228432, 438.3124577468502]
330 [183.1127306064761, 459.2554680088101]
331 [193.1132502672474, 453.64829561111054]
332 [187.73143415414077, 414.75278342144037]
333 [188.03211537263167, 387.84712745894194]
334 [195.35812460771137, 415.32229122370893]
335 [198.35057500898878, 438.8168921456]
336 [150.1359283689935, 433.8308043870775]
337 [165.13182965108956, 416.2731316423284]
338 [142.72638128947975, 408.36402809039197]
339 [241.6138531483954, 514.105675830721]
340 [243.82444270928426, 586.0737332037226]
341 [200.4330472524096, 518.1422569473087]
342 [109.66184736767791, 416.7655643185916]
343 [116.50242865106188, 496.838330241555]
344 [190.6658612203629, 530.7059838579827]
345 [237.14689549803214, 443.71618945420533]
346 [221.26377645152178, 355.69137721046917]
347 [235.45650761980133, 556.4142750075885]
348 [252.5995129834545, 568.7210201189988]
349 [244.82926645924894, 590.2679335973701]
350 [233.0100806787003, 566.1771955188682]
351 [216.5671668926762, 514.19698636762]
352 [208.26216007389152, 496.031605733014]
353 [209.11525824556276, 494.97249692341313]
354 [207.11377905781006, 469.87681965353585]
355 [192.4985863234658, 425.56561309214527]
356 [200.719925421722, 455.37598678132946]
357 [202.26431657884987, 498.01470709631974]
358 [228.3509718345862, 441.82799237507555]
359 [221.6544418654422, 394.2276039810213]
360 [219.88129045978533, 414.457205679932]
361 [224.55301908474505, 438.79656795582025]
362 [217.0515136462567, 476.30949458977557]
363 [212.80004252435083, 511.19376258983016]
364 [189.56687716042677, 543.634412322827]
365 [187.54760089148277, 544.1939721026372]
366 [143.03383336046147, 486.6662770587724]
367 [128.49747601367343, 435.79065450514537]
368 [201.2995841538477, 479.36436883508674]
369 [206.9058591789606, 513.7743087002543]
370 [144.9937389918942, 415.0852435982884]
371 [128.8188425819691, 392.81088631957965]
372 [154.66041230623642, 441.1449343252761]
373 [204.38601741483848, 498.68893138103203]
374 [199.3783042789912, 481.92226021940814]
375 [196.47129821229248, 534.122667905678]
376 []
377 [192.26443236003152, 490.6176759721]
378 [197.1566377259501, 539.682625487264]
379 [139.99896366420643, 566.2252197710799]
380 [196.4143000857786, 570.60749669826]
381 [235.8642652216186, 584.2154863272581]
382 [239.6223490845156, 586.7027629515853]
383 [256.9107006118446, 578.3742857158528]
384 [220.69991596213444, 546.9594349236359]
385 [236.58121732132938, 499.98591030213646]
386 [196.24891211118006, 514.964938276502]
387 [178.77384139131027, 540.634568211768]
388 [195.56796561028153, 522.1201091938249]
389 [204.8829563881382, 510.8083952557976]
390 [199.01553252108775, 485.8660030953916]
391 [192.12063801046085, 478.13879407858303]
392 [200.35605069015295, 491.1827910728792]
393 [210.67035899256183, 494.39768631464807]
394 [209.2658492271353, 490.08950008735576]
395 [205.29603875591545, 495.7012212045983]
396 [210.04913316784425, 502.82926602077936]
397 [215.98400366884113, 514.4474684084572]
398 [208.7432371715024, 518.7017172782096]
399 [211.98510612630128, 519.9155846993792]
400 [208.8683282576934, 517.6097948480107]
401 [207.33079750030262, 510.3069479333762]
402 [214.99437351402236, 523.5738268149178]
403 [212.39352269364034, 541.6234560982307]
404 [207.8746160557652, 547.5737059752609]
405 [213.69994521674946, 541.8359313570004]
406 [213.15724515328807, 511.8213150813623]
407 [203.3534984330402, 515.9942674218486]
408 [208.0316540899556, 511.3539582991319]
409 [214.55607028458508, 504.10448047068525]
410 [171.44528914846708, 489.20686508813174]
411 [138.86863581938977, 397.8854028082008]
412 [150.34958885478636, 401.6728753312008]
413 [136.99364545133787, 414.9474568026562]
414 [194.19179242646462, 425.513179380845]
415 [181.5008867958393, 416.95138668138213]
416 [182.53271952843608, 450.6688646884742]
417 [197.18349345734828, 499.9235276062547]
418 [227.6706706615717, 513.2735085068116]
419 [230.75218265113404, 511.1799728006109]
420 [223.75497892941598, 522.0766717953674]
421 [150.19153256851152, 442.27447749024174]
422 [139.55786298985183, 388.42118037985904]
423 [135.88030607494892, 397.7455181903945]
424 [201.1954231618023, 371.934314984043]
425 [190.09677704670312, 454.20940957444793]
426 [161.70460844769195, 452.6358614455769]
427 [150.97541697855627, 400.2217416327701]
428 [209.25322651902363, 420.8047706680502]
429 [215.8203315720062, 413.5310963123235]
430 [216.27088876987693, 496.07913704269004]
431 [223.7670194064182, 537.2884121683525]
432 [226.98064257947595, 526.3757438510332]
433 [217.30254446956155, 467.62026211250515]
434 [212.34303022455722, 383.58575147461903]
435 [213.38212664479587, 394.7206555434511]
436 [222.38837273558306, 425.9303325196752]
437 [220.38848379505316, 425.3761738531908]
438 [186.16188223149737, 440.02370243915647]
439 [155.7675925429665, 440.74729855347687]
440 [181.5135252719773, 446.73255010564753]
441 [155.50976975330974, 453.4290333149793]
442 [126.31731358307862, 471.1081093317703]
443 [174.08859170205093, 507.2831325506023]
444 [235.16445145115983, 533.9304073017736]
445 [242.79404262066993, 540.9216565684764]
446 [208.97631322339896, 541.0012422570936]
447 [205.06557803276047, 544.5244902748367]
448 [195.90521968592293, 556.0422247465646]
449 [195.51706568168876, 554.9214194638764]
450 [195.67444311861254, 560.3474846739227]
451 [198.75013478501359, 557.1299549842741]
452 [201.07592313351122, 562.6998652772874]
453 [186.11917228362748, 585.2230297257647]
454 [197.8168279538954, 576.5855238134023]
455 [210.62904833982807, 490.69788176655106]
456 [150.44040403250557, 422.575104424426]
457 [176.59618251684012, 442.80027333358396]
458 [215.38532134976876, 467.9558368869461]
459 [217.41947459729687, 450.838825742937]
460 [177.02772976708002, 385.29915736500755]
461 [121.6971356746774, 375.5037165077761]
462 [122.39837122747396, 392.70578180913907]
463 [160.260695652238, 444.0483662849383]
464 [116.19116381507382, 403.6278661794588]
465 [204.8345296215997, 419.6038699769552]
466 [167.82766229627345, 465.7239915540498]
467 [213.40399838352158, 427.73927404491485]
468 [232.99127714689735, 398.2520029706041]
469 [153.84744579262875, 416.2763512098277]
470 [159.9896454957256, 408.3155243120018]
471 [145.66795698781607, 396.9311549747464]
472 [154.3947236744694, 418.48533748291175]
473 [183.52149940163451, 451.4183841101057]
474 [187.12681173507937, 442.8033593335444]
475 [194.27454406006217, 426.62033147663516]
476 [117.05856355567866, 404.7640236665171]
477 [174.1098208283498, 404.79635889826034]
478 [139.83117464526538, 388.5576431664249]
479 [133.2176806564893, 400.31816842397296]
480 [110.17391864791968, 416.19612531820866]
481 [169.07521280764445, 475.1553442950893]
482 [175.13738453403556, 448.38268530050095]
483 [174.25806437969442, 441.8856822772034]
484 [175.29534862914537, 469.1122953557163]
485 [139.2857022042608, 529.6323028500979]
486 [148.2059374524423, 515.5189875088226]
487 [219.39977892609332, 526.2859586050128]
488 [263.78716317642784, 508.64945889573136]
489 [228.24919960056636, 505.41534346282816]
490 [202.10974973852396, 519.6895000701227]
491 [205.77138298593673, 516.5877622000318]
492 [223.0707255164055, 517.614134926638]
493 [227.3927704709543, 474.40430225425564]
494 [167.30226553779505, 413.85482829338446]
495 [174.5708604624902, 426.0908937615192]
496 [169.129049747711, 423.7311139694518]
497 [112.50874953872739, 387.1969639362639]
