0 [161.9163501507742, 554.7562575724753]
1 [159.85173504781866, 550.802680777938]
2 [145.9027057805347, 467.5066788757785]
3 [172.76194087860924, 405.2313959359997]
4 [201.80772362484305, 390.19671181902464]
5 [91.71741375434571, 531.4098843203975]
6 [58.44615219257539, 563.8226089186727]
7 [26.83380963217127, 578.0283633512773]
8 [47.8527305370017, 566.3885516403687]
9 [73.79399058676782, 541.266782313017]
10 [73.41007431488175, 507.0070668311997]
11 [61.12655268070239, 521.598732117563]
12 [56.89752158022146, 557.9653347229281]
13 [71.72446772037301, 587.4173183218774]
14 [79.92421354677924, 562.4119992232501]
15 [79.45153052063424, 535.5820615247872]
16 [144.65826856537763, 562.878207937871]
17 [129.43360272520786, 543.5560422296994]
18 [93.9772259224949, 423.519620507776]
19 [169.51168164962115, 555.0356093842883]
20 [178.65071353537192, 559.3366110578559]
21 [157.85955932920618, 549.2611257748556]
22 [104.07791425639618, 538.1669967746795]
23 [63.13007123180418, 537.6410592741049]
24 [57.77455702734771, 549.1444979898881]
25 [80.70392301840299, 540.344424295376]
26 [87.99153204274762, 546.2094764142513]
27 [137.56665764138614, 468.48299789147967]
28 [102.37386480760922, 410.61800598635614]
29 [41.34073112292986, 392.6549175284995]
30 [85.36021408196744, 414.6801566256086]
31 [192.69794110110598, 433.96186821103385]
32 [184.98721438085803, 459.2153535073117]
33 [34.99163337388805, 468.4920208070312]
34 [64.96535685082127, 470.82043425294717]
35 [72.94854211373523, 564.7893432081753]
36 [51.028241146561356, 558.936126482739]
37 [51.130355088418334, 512.8608050194754]
38 [51.397385678447236, 518.0669864882708]
39 [58.90746428581949, 533.4238670384995]
40 [49.94409158782741, 477.4765281542243]
41 [69.15874896091539, 462.9365237082699]
42 [148.3807189365758, 459.42884398098244]
43 [163.80762480683356, 418.58309529123517]
44 [183.6013668031011, 428.8903103145447]
45 [207.35381679005985, 479.23592185199425]
46 [186.0175320897619, 430.2012718006062]
47 [64.30070962606894, 496.98051903349517]
48 [24.88772262735759, 516.3730044805812]
49 [130.6678503902755, 485.747212320168]
50 [162.2023534811682, 424.69718069574145]
51 [105.5505479502666, 408.10057370931753]
52 [87.50121474584373, 404.8276793647948]
53 [69.31793837554163, 432.22495451268315]
54 [78.48815945408782, 453.0694803511937]
55 [130.49431130078375, 475.62563112602476]
56 [195.9841968009021, 536.1478145325185]
57 [94.70302005443494, 433.8992748225106]
58 [75.20638695609394, 414.38563546231785]
59 [85.17598088664346, 397.283876396388]
60 [92.41975592891421, 410.2153323240661]
61 [116.66395117180252, 400.94625210564016]
62 [107.57212352862972, 413.44606350711854]
63 [75.97871873716011, 436.6582365981815]
64 [60.2591234662552, 464.0726112648115]
65 [45.83538389371309, 412.69522105447186]
66 [106.55308070406012, 499.0639391808103]
67 [71.80551800782324, 425.07791481863063]
68 [153.93427359277953, 545.9244276195152]
69 [157.87791408760685, 544.6361793751419]
70 [151.1697484753747, 523.3022432932637]
71 [135.61379798004307, 438.4778275237081]
72 [83.25412754599948, 424.7591980995974]
73 [89.00889271605524, 422.7808035326107]
74 [88.94117958062594, 414.77127046706033]
75 [104.41650304798365, 407.8296774210109]
76 [178.01066539818052, 447.85042874360414]
77 [180.9483690663617, 456.90052668380775]
78 [79.48478459620728, 489.80827485396753]
79 [56.440727271968626, 522.3430147577349]
80 [71.95088738431183, 509.5487912880523]
81 [21.580369889705537, 461.800204890285]
82 [62.56232576335331, 432.69430120018933]
83 [80.73087977664969, 446.5697095491887]
84 [85.9883152904192, 397.3218438481214]
85 [93.90296601960537, 397.34383109709404]
86 [98.04553426380811, 393.80301957003667]
87 [190.70587722569624, 464.9454174996871]
88 [212.98922641419853, 421.67136128088947]
89 [147.3458167461311, 430.4504822802829]
90 [56.272192584410185, 498.7206759810949]
91 [73.27478967878443, 466.6268569627679]
92 [114.37730902660479, 443.04597572082656]
93 [129.73959994863043, 446.64893868961065]
94 [80.04600967178514, 522.9930458020144]
95 [90.47402135414622, 517.0557376198608]
96 [175.65483706155518, 529.5458938835045]
97 [130.45435483297172, 556.9003555103785]
98 [99.02922309472213, 524.6416169829214]
99 [163.91867186402612, 521.2453481961932]
100 [199.08795153282617, 508.0502684326547]
101 [185.28240735820177, 445.2681413908525]
102 [167.57609370072248, 444.236524833928]
103 [133.7227749369567, 467.5785052015619]
104 [117.32340060344784, 420.22939473652326]
105 [147.75530654269465, 412.6423969688964]
106 [209.3128565837895, 416.5337647206502]
107 [107.35202673248602, 446.48179952427586]
108 [90.87622206677182, 527.7569178669047]
109 [87.16107375675483, 489.4334462387297]
110 [107.64285608687486, 441.8644191474352]
111 [108.76780689264982, 443.2491873916034]
112 [78.50357413708625, 509.7339298269583]
113 [38.34110915381912, 560.2917687092478]
114 [38.34659507073886, 566.4928041260524]
115 [59.65783501977282, 529.0732838306479]
116 [92.87844107345252, 439.0172731926605]
117 [83.83093700474159, 427.6647833770158]
118 [98.83546190074998, 429.0229695827381]
119 [125.56992965643174, 433.777127203954]
120 [58.640887890425475, 488.6771342329396]
121 [76.78951534105808, 451.92302912862414]
122 [155.84015863024229, 422.15705027948803]
123 [151.87867664398925, 470.82270830224627]
124 [192.1731747100812, 417.3335508659245]
125 [212.55266885607534, 420.56736298784597]
126 [186.25270376313017, 423.57523617280367]
127 [133.37484606106395, 401.5321940474826]
128 [140.56777174605284, 397.51837072498853]
129 [85.68454197195801, 410.4503775632349]
130 [90.85362495625783, 427.12354643891155]
131 [85.31489112333071, 409.9603490280867]
132 [93.55313700574625, 472.26981157777675]
133 [62.48344228737547, 561.6296538342315]
134 [63.16884653455942, 561.5667335799794]
135 [58.53713465047183, 561.5314626044005]
136 [59.53416238989368, 569.7074367204751]
137 [37.37645668651444, 556.6878237085978]
138 [55.636257703825315, 471.7899942644971]
139 [43.50606921609084, 445.83035804047756]
140 [31.919220453355155, 517.0019624466993]
141 [49.67975785946507, 488.55719216111976]
142 [65.77506512350075, 426.2577145320099]
143 [109.91453235767094, 417.8627299401188]
144 [193.59440096079427, 469.84702555229825]
145 [109.32049269636238, 441.5509888868255]
146 [93.72489792805183, 491.1354994822938]
147 [117.35564160830539, 456.21101015318663]
148 [174.72767537564988, 461.7170136851121]
149 [56.291692928884856, 404.12100840505826]
150 [66.13147675316293, 426.3731741739757]
151 [86.57272106321076, 414.9488911020733]
152 [93.08312299447597, 407.3513319645437]
153 [140.74644874857486, 526.9936828168701]
154 [180.9454499713099, 473.4720828947227]
155 [202.11214603247646, 477.03099599383035]
156 [168.25313557278955, 426.07438633973493]
157 [95.6833149361564, 506.45212778612]
158 [49.23083314179152, 580.3030940354627]
159 [54.39411746659956, 564.9293311771231]
160 [77.05909544457471, 485.45387365473215]
161 [109.87371256522833, 408.88276887569964]
162 [175.78490523465192, 399.66068704384537]
163 [198.54512193125046, 449.627767239032]
164 [117.99573765709249, 460.8100870916912]
165 [84.31452606247167, 489.0767607607451]
166 [106.46887887382329, 450.1789652486624]
167 [94.48844438815237, 498.1947740481581]
168 [83.85606400347517, 517.2831588229761]
169 [99.67469415818586, 482.5788926934598]
170 [186.55685694655415, 419.98680057476247]
171 [193.0498660592902, 420.7894309166282]
172 [101.06552583736936, 505.7634705137794]
173 [49.30252612628397, 562.9078063323593]
174 [40.45247702952221, 567.8297144561686]
175 [56.50614023397606, 568.2841566624522]
176 [57.55897939354778, 539.2769535504241]
177 [55.3789347845535, 491.0080611284711]
178 [82.02876563827152, 440.0728806169629]
179 [88.63685096219338, 415.16775523908063]
180 [162.9762881253663, 437.83595343669833]
181 [159.00619904174934, 435.44277571617295]
182 [75.28265101302249, 467.08889877122505]
183 [66.82076745801774, 522.9209080114996]
184 [91.65698919225646, 468.95989246770466]
185 [103.2228572650243, 420.9362358003799]
186 [92.63108916026867, 383.73899041972487]
187 [132.30156083952687, 395.6796613798246]
188 [98.70082660510053, 508.1138249523687]
189 [90.6744716883882, 515.6468595832413]
190 [66.67891125100573, 488.8354664732988]
191 [43.14813404804048, 430.00449113013104]
192 [79.56457638957032, 515.376905989782]
193 [44.59914063778019, 521.8767055639476]
194 [29.75391089787437, 424.0453077867354]
195 [54.635387224420576, 336.9135104578858]
196 []
197 [50.85694005354977, 335.19922662660025]
198 [89.52844443425688, 367.88206643078945]
199 [148.31439980969125, 459.6894410053806]
200 [137.54347709942118, 516.4153394545506]
201 [142.3838002407788, 575.2605701135477]
202 [101.04284531183782, 470.15367064828024]
203 [160.79656803631087, 576.6303371534294]
204 []
205 [89.40326642434498, 448.15153864412036]
206 [97.36981384742172, 424.7048593300277]
207 [81.64295721002256, 459.69969882339456]
208 [81.02190724885004, 470.41311134929447]
209 [44.464479186407004, 423.567981336381]
210 [129.1819977162678, 504.1599300844997]
211 [67.82690563268905, 455.30113370581824]
212 [108.15674812968376, 426.78235251764494]
213 [188.95379321027502, 492.03273556275866]
214 [92.35513821580953, 438.2809463374121]
215 [90.39535102666703, 422.695786042842]
216 [122.36869185617373, 510.13124000568206]
217 [68.43577907663038, 516.4681526232088]
218 [38.664535758834475, 512.5354351530365]
219 [35.61515947957058, 507.49193567139446]
220 [125.31313149744268, 538.5566932542794]
221 [162.00427914045926, 554.1389018286274]
222 [145.97636808588518, 497.7893821994861]
223 [167.94158147162028, 415.4727226218293]
224 [195.24777136248747, 401.2403358002633]
225 [127.77078575399632, 408.279867085467]
226 [99.96720168654547, 400.09195808189764]
227 [73.46030200465614, 416.9962157901281]
228 [74.85362501109739, 412.3132601827135]
229 [81.60609603105082, 398.4236458177021]
230 [83.07525115663047, 397.2144973641869]
231 [79.89279928624485, 398.56717393075826]
232 [67.78413764318739, 423.0728744843691]
233 [47.94740970704467, 502.2425936370972]
234 [39.765735849354314, 521.1059900829152]
235 [48.752791995652984, 464.53396836333087]
236 [68.16830783050537, 403.2768555417769]
237 [87.12072586870141, 406.43037326710333]
238 [81.74201004803369, 392.5720169772666]
239 [79.45189315128972, 403.95138135387776]
240 [98.72022333091061, 436.4630446359609]
241 [110.54609335635698, 442.9718432538819]
242 [88.52963252121903, 437.535576771831]
243 [119.44545688834356, 464.21552768623746]
244 [110.05314939224839, 386.28263972298]
245 [104.92779345548612, 388.7315361221578]
246 [75.8835529051698, 401.14437872676393]
247 [67.83308527645539, 423.3012180418769]
248 [77.5264705660228, 423.0686787292483]
249 [73.56521048006366, 407.80683173527484]
250 [74.21540845164711, 405.58129143359304]
251 [33.4333550980352, 459.93154304743416]
252 [19.25552576302645, 480.1745724881812]
253 [37.73187004468932, 485.7467294529354]
254 [54.94394757887011, 516.0806636261638]
255 [60.29139908449565, 557.0245285149837]
256 [66.69957589715143, 541.9895359862047]
257 [58.14686352144927, 544.9830949209671]
258 [43.091740809173686, 562.1743074679879]
259 [55.597311472789485, 543.0468745891507]
260 [59.34247027791401, 525.092291432752]
261 [45.306095590598765, 539.210055067275]
262 [54.54053014748614, 530.2796334554502]
263 [88.87718297118023, 450.1780531307802]
264 [69.61071365693626, 382.84101119105185]
265 [70.52635877262624, 384.64870496741975]
266 [134.8848306786599, 455.9915820568879]
267 [155.57871689409163, 420.77800713363155]
268 [56.599132711933265, 397.4447919069476]
269 [88.29167843380004, 405.35164585021084]
270 [108.20885573266553, 442.3043180229467]
271 [158.70331003045567, 497.0116337586231]
272 [86.45843407812207, 421.68111366659247]
273 [95.91009647947553, 399.77687922945074]
274 [177.5698292388646, 385.05584621257174]
275 [184.20614879217933, 402.46055857566057]
276 [151.2572347877368, 401.6231500621986]
277 [144.6952965566964, 402.72424454119385]
278 [110.5281232043996, 432.05033813033975]
279 [56.20972153521514, 502.11433371855344]
280 [53.15922512596574, 495.9664122629821]
281 [81.32278500484317, 439.87227717320775]
282 [156.2392937018647, 420.9953290184915]
283 [110.94471683843688, 453.85142603065964]
284 [128.61297288450544, 509.13696375625085]
285 [164.72245920972605, 441.3168868970103]
286 [202.65404341634246, 416.94985807288344]
287 [196.4310324352155, 452.7363602467457]
288 [205.24971197526688, 425.8850400746481]
289 [211.10584433789393, 422.66647892678355]
290 [185.01127626543814, 398.2814715158501]
291 [200.1447674523971, 398.63461907456553]
292 [212.78069430032275, 404.95358134686023]
293 [179.28319879473997, 341.24004690622326]
294 [177.4525754289808, 350.54425132902475]
295 [95.4244031849986, 401.1235155407191]
296 [107.32999100166985, 447.24106687340446]
297 [87.47505171141916, 434.163494745439]
298 [99.75985540712942, 429.49403413920527]
299 [183.18499076439264, 439.27240339070585]
300 [192.0251997694457, 395.3275775595154]
301 [195.5697016776018, 525.9034683124694]
302 [156.42182644003591, 449.70564211989165]
303 [164.12800054020514, 398.7508700506805]
304 [182.63367808034275, 439.73498915329253]
305 [174.84381697499867, 448.68070003722335]
306 [147.4609434915518, 492.6971825823863]
307 [155.6931451535002, 421.03816919595306]
308 [170.6331501165752, 405.8954374564728]
309 [119.04633096729795, 459.2543932336622]
310 [141.6020249038897, 485.08696480523787]
311 [207.76586982247235, 421.36713904013817]
312 [192.83097699668292, 444.7702579056319]
313 [175.00119489831764, 480.4223426585069]
314 [183.0955274049497, 484.90104354517405]
315 [85.97915251289726, 478.68394151308246]
316 [91.79676801196614, 479.48775910491435]
317 [169.3028993596334, 440.6208223103778]
318 [182.63830426294166, 417.5748971754969]
319 [185.66947794823656, 418.52012695961713]
320 [191.86911564532846, 465.9921005276074]
321 [184.15042064679218, 445.0104762769752]
322 [99.48956034440971, 505.6135723180271]
323 [96.12068641750245, 458.32028528356955]
324 [175.93520830878182, 423.8211635523299]
325 [211.6350288879341, 429.86149081850965]
326 [173.0316569127018, 433.58532649813117]
327 [175.74395200150556, 385.610616280868]
328 [183.02386749773208, 411.11823590969976]
329 [163.55711446897024, 438.5265070593863]
330 [105.2738172963155, 484.26194423012976]
331 [72.2210638962462, 476.5346860884751]
332 [77.42125160221798, 438.5064471809794]
333 [86.93550177775478, 444.3028206984134]
334 [108.45121185560966, 483.30356670529096]
335 [100.64399210528238, 505.6935627204787]
336 [111.1510475002359, 425.2563020630787]
337 [73.22983197759058, 375.341586107238]
338 [171.40069121775178, 450.3348911538644]
339 [127.51824127618599, 438.0288443052678]
340 [96.9606582417998, 432.93659519539466]
341 [126.09468241837722, 440.0165670964016]
342 [172.61537028898337, 531.6195555467613]
343 [107.12358240209687, 489.64716832059844]
344 [63.588861084791326, 439.3624500336879]
345 [47.1508657434048, 388.61248171943873]
346 []
347 [87.94915803141717, 546.6032552821542]
348 [88.37865823671454, 544.9267400615897]
349 [84.71039417878347, 537.1221222416162]
350 [74.4769024965138, 518.3310301463155]
351 [64.22213604350068, 544.5185419437419]
352 [68.53291302793515, 569.2427627436508]
353 [71.28682814612172, 561.5987828799182]
354 [69.76943283299842, 524.8156448125977]
355 [74.4261517439542, 523.1318798744476]
356 [156.59713158825235, 528.0058132653951]
357 [173.4924666051816, 492.7050785968554]
358 [103.30397370100897, 488.6021885989499]
359 [68.79322804955018, 513.9882417284626]
360 [50.705952536289495, 554.8199032145759]
361 [58.384938003888045, 573.8490818941468]
362 [64.57110094065982, 544.3901491300497]
363 [68.85289994299222, 529.4857933300051]
364 [98.0119788432194, 512.9954390942434]
365 [98.79600284848297, 480.85672143975074]
366 [149.8601987535053, 493.7101671580911]
367 [190.37674906702367, 484.3222874457625]
368 [107.84986420319824, 414.7657477721807]
369 [66.66816042666721, 389.3965382964869]
370 [146.16259754077745, 408.97061402077185]
371 [171.757394936587, 398.66435639066947]
372 [138.40889692438458, 420.2228042068475]
373 [94.40301240943695, 415.90453735067393]
374 [62.46928607929999, 486.80437337522795]
375 [57.7355454864992, 564.1737677771879]
376 []
377 [175.50749397799692, 539.0421739789143]
378 [49.66199953083428, 570.9895436970278]
379 [121.05210897673612, 569.6897243683948]
380 [87.20837223957716, 546.0307272506466]
381 [87.02789480186345, 528.3840994110504]
382 [78.0486528765938, 494.20499613516756]
383 [67.58919748634545, 447.58484569679996]
384 [53.425351180118604, 445.02865892904293]
385 [73.97610452892245, 412.6979024624925]
386 [77.09642717999458, 417.4613750436204]
387 [71.58475769110944, 460.1933910612789]
388 [65.64997692491391, 476.3190866508886]
389 [69.36288095672487, 527.5383339677101]
390 [79.66045255938425, 506.5666703852552]
391 [63.94636537955563, 528.2027096928833]
392 [59.61214729637098, 575.2156513988374]
393 [62.39049758868485, 553.5740514052789]
394 [59.71120714651197, 526.9111303863167]
395 [44.87765211756201, 534.8647161367915]
396 [48.080472715693894, 532.2091171707119]
397 [54.40727110504705, 524.9548608117576]
398 [33.84069527374825, 554.6802793764721]
399 [45.63052904563826, 536.3621505970108]
400 [41.27537428490788, 491.93209277285746]
401 [55.56550543160434, 556.228467135245]
402 [45.57573764629547, 571.8925382806572]
403 [55.410090952807685, 563.8527254743794]
404 [61.85015763539372, 579.9499566919291]
405 [61.5246908929572, 581.2013535568044]
406 [46.89924740607056, 544.9871125789117]
407 [56.36381730406314, 541.2216821715234]
408 [49.84889011561691, 526.754915122843]
409 [63.40455902774528, 462.36521140622403]
410 [129.28985456954703, 441.8462916084947]
411 [212.19778258374004, 449.16820702140444]
412 [207.4205466849642, 414.26586619199867]
413 [174.26662602139538, 413.9211544961662]
414 [65.23523201931332, 477.1591309237736]
415 [37.7964203451777, 523.5429034889792]
416 [56.5497816262197, 439.62984334444116]
417 [70.19256645811456, 436.37269354451513]
418 [80.13910510088334, 432.7135748273056]
419 [87.93627732501133, 416.505550099641]
420 [102.7504978823298, 415.0928756846039]
421 [152.3925114436171, 415.4334223232759]
422 [154.57527042104903, 390.03563263738897]
423 [139.5012304517259, 395.2511529700653]
424 [157.1728076706814, 386.2881196115867]
425 [149.6278573012407, 496.85882671206525]
426 [187.403215434491, 431.1657794984188]
427 [203.12032981333923, 374.39048620872285]
428 [109.28192274542836, 462.7972339970021]
429 [75.38426465781498, 514.3927417841471]
430 [33.84709657213791, 542.2349365168543]
431 [42.02267550926861, 545.6161468769401]
432 [57.83676942864275, 520.8287734322813]
433 [62.3913714580037, 467.2318776802239]
434 [98.61509268333955, 426.7352516843717]
435 [97.75917470555139, 455.5113973937615]
436 [103.47261283098683, 464.0389031614848]
437 [99.58742605172168, 425.5272925990656]
438 [108.05546135175254, 487.9351871891994]
439 [136.13532344692388, 441.2637070506613]
440 [178.9127958606343, 459.37787672981204]
441 [169.64962817330027, 487.4580530206021]
442 [152.99784544251253, 509.53930622616]
443 [88.88930512452752, 516.3706422312885]
444 [107.57980320526032, 539.0085585236585]
445 [84.77828232689326, 545.0135937052045]
446 [42.341267473542324, 513.6229936410215]
447 [45.26941351424443, 512.9428676587445]
448 [46.134857279778565, 564.0524741854256]
449 [26.475890248786005, 552.5838577870101]
450 [47.51257115310315, 541.7817426692447]
451 [98.35646695449381, 549.6532458161684]
452 [98.58619897694888, 527.1248619952374]
453 [91.57008680674896, 512.7889967527079]
454 [88.38179617397513, 476.94253749842943]
455 [74.41283616903972, 476.29208279600863]
456 [55.113507142620165, 519.4974826505761]
457 [53.63058408472475, 560.9278651237609]
458 [29.348855802489147, 521.2575446536993]
459 [68.88808490848254, 480.0026677247805]
460 [159.7901724378001, 391.0473558157215]
461 [198.63079890338355, 385.3658753431073]
462 [192.98257814982367, 395.4179474951467]
463 [127.33115327427775, 430.5305345736791]
464 [188.9355169385524, 482.46701521575284]
465 [154.4550408868117, 418.14795206284504]
466 [69.43479342109778, 446.23394831286225]
467 [105.0480063759293, 530.7356610666444]
468 [106.15085043470339, 491.8812541465154]
469 [200.86398634457652, 404.06266917274405]
470 [221.66428255906683, 394.60252658290483]
471 [201.7985940135542, 409.74643438731135]
472 [152.45348680305574, 423.28024162008717]
473 [74.17454376944737, 473.47804309519483]
474 [62.32743076644074, 524.269478496933]
475 [94.54169369663143, 468.46931841849204]
476 [189.96842920658293, 411.9469202344255]
477 [197.0943924176217, 412.68646881398723]
478 [205.5683036336434, 406.95236210458484]
479 [195.91202061699184, 408.17521941503185]
480 [160.6788129874162, 456.9224591377756]
481 [59.7549383552685, 465.80906470858093]
482 [34.09994125779604, 496.9673955506695]
483 [55.31653872643191, 463.3597176346435]
484 [66.96728470237521, 440.9491291417554]
485 [87.35107067860885, 471.7075093839767]
486 [89.60061826602224, 457.46822490799343]
487 [52.0727981797233, 367.8738951970206]
488 []
489 [70.3270174702996, 554.8510144069751]
490 [51.561067454822, 561.217994141629]
491 [60.30938161237254, 563.1895709738686]
492 [126.8910431280962, 584.2912634718957]
493 [97.43585734562765, 551.4327308189573]
494 [41.9872085177356, 541.9099978427313]
495 [45.69073871542622, 501.4975858245777]
496 [66.2670786323585, 417.7086063506666]
497 [143.7204324193608, 410.41017226823874]
